0 random
1 precomp
2 online 1 sum sen
3 online 2 n sen
4 combined 1 sum sen
5 combined 2 n sen
6 combined 3 n target
7 combined 4 sum target

0 failed
1 passed
2 close

trial -> vs approach down

[[[   0    0    0    0    0    2    1    1    1    1]
  [   0    2    2    2    2    2    2    2    2    2]
  [   2    0    0    0    1    2    1    2    0    0]
  [   1    1    0    0    0    1    1    0    2    0]
  [   0    0    2    2    2    0    0    0    0    0]
  [   0    0    0    0    2    1    1    1    2    1]
  [   0    0    0    2    2    1    0    0    1    0]
  [   1    1    0    0    1    2    2    0    1    0]]

trial -> approach down steps til complete
 [[  46   94   38  134  122   78   64   24  176  103]
  [  54  133   61  150  128  183   56   71  179   60]
  [ 136  143   98  182  493  371  371  242  631   72]
  [1158  125  141  115  902  458   98  502  356  439]
  [ 609   49  458  987  453  538  340  499  495  801]
  [1096  195  108  185   85 1216  232   69  173  271]
  [  48 1001  625  477  116  295  175  978  343  121]
  [1222 1497 1532  711  178   83   70  371  277   62]]]

max min mean num_pass num_fail
approach down
[[176, 24, 87, 4, 5], 1

[183, 54, 107, 0, 1], 9

[631, 72, 273, 2, 5],3
[1158, 98, 429, 4, 5],1

[987, 49, 522, 0, 7],3
[1216, 69, 363, 4, 4],2
[1001, 48, 417, 2, 6],2
[1532, 62, 600, 4, 4]]2


time of exectution 
trial -> approach down
[[ 0.0077629  0.0135626  0.0061689  0.0178708  0.0162106  0.0123493 0.0096147  0.0049282  0.0229877  0.0139457]
 [ 0.0135434  0.0180036  0.0096512  0.0216326  0.0167109  0.0246045 0.0101621  0.01132    0.0238194  0.0098395]
 [ 0.0401607  0.0527568  0.0327465  0.0592683  0.1184671  0.0937693 0.0954403  0.0702491  0.1659905  0.0258009]
 [ 0.2696204  0.0402254  0.0368158  0.0411443  0.2342548  0.1221567 0.0329421  0.1348852  0.0872087  0.1007584]
 [ 0.2713488  0.2005775  0.2519789  0.361697   0.254563   0.2636755 0.254838   0.2566005  0.2564966  0.3021705]
 [ 0.3378114  0.2208392  0.2053765  0.2438873  0.2032902  0.3587733 0.2210093  0.1974913  0.2107688  0.2434783]
 [ 0.1983394  0.3322862  0.27431    0.255543   0.213972   0.2350819 0.2128208  0.3247814  0.2551147  0.2042011]
 [ 0.3815083  0.4146083  0.4022418  0.2853031  0.2134241  0.2264076 0.2001599  0.2468686  0.2354789  0.1988393]]

max min mean 
approach down
[[0.022987700000157929, 0.0049281999999948312, 0.012540139999964594],
 [0.024604500000350527, 0.0096512000000075204, 0.015928719999965323],
 [0.16599050000013449, 0.025800899999921967, 0.075464950000059622],
 [0.26962039999989429, 0.032942100000127539, 0.11000117999997201],
 [0.36169699999982186, 0.20057750000023589, 0.26739462999998975],
 [0.3587732999999389, 0.1974913000003653, 0.2442725600000813],
 [0.33228619999999864, 0.19833939999989525, 0.25064504999991188],
 [0.41460830000005444, 0.19883929999969041, 0.28048398999994789]]


approach1 approach2 t value p value
[[0, 1, -1.3171585810124355, 0.20430780048084976],
 [0, 2, -4.5248566891308428, 0.00026222748086033437], x
 [0, 3, -3.6698057921570242, 0.0017526273152925419],x
 [0, 4, -19.31088328981993, 1.7629022121724465e-13],x
 [0, 5, -12.74819579964255, 1.8945635943696352e-10],x
 [0, 6, -15.602415759708695, 6.6580355856270095e-12],x
 [0, 7, -9.818753934959064, 1.1825544566828208e-08],x

 [1, 2, -4.2777920169036676, 0.00045285917834674363],x
 [1, 3, -3.5414409514228566, 0.0023318777451884465],x
 [1, 4, -19.037345927455721, 2.2532270601508246e-13],x
 [1, 5, -12.555947422105056, 2.4259516994204169e-10],x
 [1, 6, -15.370239225284667, 8.5658712111167812e-12],x
 [1, 7, -9.6925815282449683, 1.4409060685739269e-08],x

 [2, 3, -1.1561109814093333, 0.2627506869931765],
 [2, 4, -10.098045407010323, 7.6841582993363649e-09],x
 [2, 5, -7.4205185764277264, 7.029971934887223e-07],x
 [2, 6, -8.5482203390757991, 9.4160431112523264e-08],x
 [2, 7, -6.7164596879843748, 2.687797457026332e-06],x

 [3, 4, -5.3264587120480424, 4.6054400109812771e-05],x
 [3, 5, -4.1849211302175364, 0.00055655500188206408],x
 [3, 6, -4.6072320951073902, 0.0002187433243373889],x
 [3, 7, -4.4868857548724721, 0.00028513005937735311],x

 [4, 5, 1.0358243404432763, 0.3140003286814318],
 [4, 6, 0.83669227447571382, 0.41373613642994278],
 [4, 7, -0.43330132962695045, 0.6699438389942054],

 [5, 6, -0.27000930725037114, 0.79022439953314949],
 [5, 7, -1.1076344477255304, 0.2826019601958486],

 [6, 7, -0.95744473276427422, 0.35102696486695217]]

x mark p values less than 0.05 - these are significantly different
changing the objectives doesnot lead to signigicant changes in results
(for same approach)
random or precomp does not significantly differ

but all other pairs differ significantly
with the later one being slower, sort of correlates with the number of steps

in general have pretty bad performance of locating the corrent location though
the num_pass <=num_fail 
and num_pass+num_close <=num_fail for all but first precomp (best on this although 0 pass?)
and 2 of the last approach objectives












